8 8 8 1121 5 3
1 1 1 1 1 1 1 1 
1 1 1 1 1 1 1 1 
1 1 1 1 1 1 1 1 
1 1 1 1 1 1 1 1 
1 1 1 1 1 1 1 1 
1 1 1 1 1 1 1 1 
1 1 1 1 1 1 1 1 
1 1 1 1 1 1 1 1 
4 2 4 1 4 5 4 2 
1 4 2 4 2 3 4 1 
3 5 4 3 3 1 2 4 
3 1 4 1 3 3 4 3 
2 2 3 3 4 2 2 1 
2 4 2 2 3 1 4 2 
3 5 2 4 1 3 2 3 
3 1 3 2 4 1 4 3 
4 2 4 1 4 5 4 2 
1 4 2 4 2 3 4 1 
3 5 4 3 3 1 2 4 
3 1 4 1 3 3 4 3 
2 2 3 3 4 2 2 1 
2 4 2 2 3 1 4 2 
3 5 2 4 1 3 2 3 
3 1 3 2 4 1 4 3 
4 2 4 1 4 5 4 2 
1 4 2 4 2 3 4 1 
3 5 4 3 3 1 2 4 
3 1 4 1 3 3 4 3 
2 2 3 3 4 2 2 1 
2 4 2 2 3 1 4 2 
3 5 2 4 1 3 2 3 
3 1 3 2 4 1 4 3 
4 2 4 1 4 5 4 2 
1 4 2 4 2 3 4 1 
3 5 4 3 3 1 2 4 
3 1 4 1 3 3 4 3 
2 2 3 3 4 2 2 1 
2 4 2 2 3 1 4 2 
3 5 2 4 1 3 2 3 
3 1 3 2 4 1 4 3 
4 2 4 1 4 5 4 2 
1 4 2 4 2 3 4 1 
3 5 4 3 3 1 2 4 
3 1 4 1 3 3 4 3 
2 2 3 3 4 2 2 1 
2 4 2 2 3 1 4 2 
3 5 2 4 1 3 2 3 
3 1 3 2 4 1 4 3 
4 2 4 1 4 5 4 2 
1 4 2 4 2 3 4 1 
3 5 4 3 3 1 2 4 
3 1 4 1 3 3 4 3 
2 2 3 3 4 2 2 1 
2 4 2 2 3 1 4 2 
3 5 2 4 1 3 2 3 
3 1 3 2 4 1 4 3 
4 2 4 1 4 5 4 2 
1 4 2 4 2 3 4 1 
3 5 4 3 3 1 2 4 
3 1 4 1 3 3 4 3 
2 2 3 3 4 2 2 1 
2 4 2 2 3 1 4 2 
3 5 2 4 1 3 2 3 
3 1 3 2 4 1 4 3 
0 160 372 692 1012 1121 
